1---------------------------------------------------
1
0
1
0
--------------
0
1
0
1
0
1
0
--------------
0
1
0
1
0
--------------
0
1
1
0
1
0
--------------
0
1
1
0
1
0
--------------
0
1
0
1
0
--------------
0
1
0
1
0
1
0
--------------
0
1
0
1
0
1
0
--------------
0
1
0
1
1
0
--------------
0
1
0
1
0
--------------
0
1
0
1
1
0
--------------
1
0
0
0
--------------
1
0
0
0
--------------
||||||||||||||||||||
2---------------------------------------------------
3---------------------------------------------------
1
0
1
0
--------------
0
1
0
1
0
1
0
--------------
0
1
0
1
0
--------------
0
1
1
0
1
0
--------------
0
1
1
0
1
0
--------------
0
1
0
1
0
--------------
0
1
0
1
0
1
0
--------------
0
1
0
1
0
1
0
--------------
0
1
0
1
1
0
--------------
0
1
0
1
0
--------------
0
1
0
1
1
0
--------------
1
0
0
0
--------------
1
0
0
0
--------------
||||||||||||||||||||
4---------------------------------------------------
ARE YOU REAL 1
YOLO 1
YOLO 0
1---------------------------------------------------
1
0
1
0
--------------
0
1
0
1
0
1
0
--------------
0
1
0
1
0
--------------
0
1
1
0
1
0
--------------
0
1
1
0
1
0
--------------
0
1
0
1
0
--------------
0
1
0
1
0
1
0
--------------
0
1
0
1
0
1
0
--------------
0
1
0
1
1
0
--------------
0
1
0
1
0
--------------
0
1
0
1
1
0
--------------
1
0
0
0
--------------
1
0
0
0
--------------
||||||||||||||||||||
2---------------------------------------------------
3---------------------------------------------------
1
0
1
0
--------------
0
1
0
1
0
1
0
--------------
0
1
0
1
0
--------------
0
1
1
0
1
0
--------------
0
1
1
0
1
0
--------------
0
1
0
1
0
--------------
0
1
0
1
0
1
0
--------------
0
1
0
1
0
1
0
--------------
0
1
0
1
1
0
--------------
0
1
0
1
0
--------------
0
1
0
1
1
0
--------------
1
0
0
0
--------------
1
0
0
0
--------------
||||||||||||||||||||
4---------------------------------------------------
ARE YOU REAL 1
1
0
1
0
--------------
0
1
0
1
0
1
0
--------------
0
1
0
1
0
--------------
0
1
1
0
1
0
--------------
0
1
1
0
1
0
--------------
0
1
0
1
0
--------------
0
1
0
1
0
1
0
--------------
0
1
0
1
0
1
0
--------------
0
1
0
1
1
0
--------------
0
1
0
1
0
--------------
0
1
0
1
1
0
--------------
1
0
0
0
--------------
1
0
0
0
--------------
||||||||||||||||||||
5---------------------------------------------------
